0.0012681208048358184014
   76.192129408600067109
   25.817242034677839513
   12.978583742310323856
   5.7512851356335961128
   2.5144951941867619283
   1.8196622411901111072
   1.3005916288169010464
  0.95401551331206102535
  0.84222071321596025939
   0.6900849944412523751
   0.5824090250487646836
  0.40522584873170819364
  0.33340411322375407277
  0.26231855114433000331
  0.21297937378466885727
   0.1794913995581270405
  0.14464749446091457186
  0.12954988522749788515
   0.1114561622621267345
  0.10059422969001201309
 0.091965284357162502271
 0.083262728562545060274
 0.076000233586808407793
 0.060867084406962423948
   0.0542500493951269952
 0.049093226197352159146
  0.04396382722959508299
 0.039475367401621122565
 0.036677799329402821504
 0.033452602157494432111
 0.031137038516503626889
 0.028204717344274744806
 0.025637514747950972127
 0.023743922851502237414
 0.021983087060441837413
 0.019848113010996048383
 0.018729082778539407617
  0.01755309767321111894
 0.015052565285412294882
 0.013604780513043935805
 0.012688245047846257244
 0.011531621813037171154
 0.010539136604799116334
0.0099529185809458485534
0.0092583571894148727205
0.0085710503692087366967
0.0082424710096640520229
0.0078985034233010602972
0.0074326589999540657039
0.0070442029812286463542
0.0066559598563558225459
0.0063490515431445862515
0.0061265570415230891435
0.0058220593843918491683
0.0054402837757042002767
 0.005194935283709524107
0.0049159379131228572724
0.0045726405491191644131
0.0042887202805126142108
0.0041561467167036333925
0.0038370804096405307891
0.0037231243868343514083
0.0035853322069731687408
0.0034637416077716916968
0.0033841902294498363291
0.0032288978597322837323
0.0031385361902932324904
0.0030487478455056091914
0.0028744528580734104994
0.0028062270852921194011
0.0027383292629430955323
0.0026403332069855275921
0.0025541475758023039419
0.0024305065239925514181
0.0023769942286100496226
0.0022779104844823875459
0.0021898937488028244816
0.0020853801054185432118
0.0020276338534995237001
0.0019688596216985163392
0.0019383867158462605822
0.0018876332294872689207
0.0018267777449589889423
0.0017864381862872755376
0.0017395183381618854399
0.0016964820142688263795
0.0016691689942450560306
0.0016092518890976786373
0.0015731398623630423947
0.0015375676634654701636
0.0015129374078958078478
0.0014642206365176450335
0.0014444975199371132106
0.0014237512774978278943
0.0013592757136834153833
0.0013445241808494408278
 0.001312053901486835792
0.0012915100555868682785
 0.001277834488738873852
