0.0012681208030033825056
   76.419195822585919586
    26.09722803995179774
   12.897897977767179611
   5.7722412996204353064
   2.5667553516727985574
   2.1459971047172863301
   1.3813067096892162056
   1.2686923399511056409
  0.88751315414038156604
  0.78372680823584406351
  0.63301646861789806486
  0.41871572876399326679
  0.36669045349014084412
  0.34423584130105966405
  0.25499377992843036411
  0.21435469347199084811
   0.1924789489523101027
  0.16025228534872382191
  0.14350203652816817534
  0.12662838957819749774
  0.11714481861717197797
  0.10573312331582197798
 0.086998497833892934894
 0.079053676446721732329
 0.069265012735030787039
 0.063899142467640196452
 0.056861472490266087854
 0.051215231477415190664
 0.042625852983683029662
 0.040680588025703665056
 0.038526023646874477113
  0.03601959039814451452
 0.030961345032806269345
 0.028989886592025945061
 0.026513953304464744909
 0.023852938019871025577
 0.020995189338612236379
 0.018769485279204956713
 0.017069379165265775866
 0.015462984443506470195
 0.013961974552526144888
 0.013186893679766456544
 0.012594758882333812952
  0.01199464954615375549
 0.011140021829542658474
 0.010491937103622873961
0.0098397551471827611469
0.0090719757064291924042
0.0086000884934045000729
0.0079658060226314997276
0.0075305932639171289586
0.0071751924992620331328
0.0070165941844459057269
0.0067399717115682253321
0.0064717253766118087999
0.0060292749220378170222
0.0057743819206278130043
0.0055891636389762671538
0.0053278968477498533235
0.0048381121205535917301
0.0046076587550739189075
 0.004387547697912702778
0.0041602865495770826459
0.0040312439500001292364
0.0038665136903961588866
0.0036608276917052284295
0.0035479076956958211474
0.0034186209403575182342
0.0032525105820710954393
0.0031449321048458715906
 0.002990480414403903775
  0.00287821194989268999
0.0027784023725042610725
0.0026637560400475965121
0.0025620224920213079817
0.0025191075288912502701
0.0024398436337159734935
0.0023625806550521700339
0.0022650016844270484499
0.0022150980429974857604
0.0021717797657452892097
0.0020564713248084559929
0.0020138166526992027153
0.0019573000764938576143
0.0019254873462993460018
0.0018977882093489698793
0.0018340553855888670591
0.0017150440232111268009
0.0016714337853796154554
0.0016288547825808806328
0.0015902030674240571085
0.0015503686774767351866
0.0014958053386398162832
0.0014550403485274051793
 0.001435308749315520379
0.0013836341668086913313
0.0013373997544608329669
0.0013094273204051704376
0.0012922116441885941017
