0.0012468362084505305726
   75.829946964541534271
   25.591414808647936496
   12.809615324336059317
   5.6722174547523200872
   2.4935958254037604576
   1.7917690588705519339
   1.2832790467409989077
  0.94372796144050530298
   0.8341077673586677621
    0.684704515098808697
  0.57708193559116083282
  0.39956890211616569175
  0.32899497304838232203
  0.25808010106143980389
  0.20855496045570556807
  0.17609746601975001523
  0.14225478309404121502
  0.12750666266469976029
  0.10992896021744477664
 0.098919286492259311805
 0.090502958848563519467
 0.081771675668556559335
  0.07465450026911904513
  0.06005664050406510357
 0.053496156330044862537
 0.048437485415385596321
 0.043439028405853605252
 0.038998194405810884811
 0.036194780563476247615
 0.032996977821149665877
 0.030674367684686013741
 0.027790139319794886913
 0.025235709082433395445
 0.023361084241221206914
 0.021592132991236072381
 0.019466252960910486458
 0.018367342489816564088
 0.017216351217420138714
 0.014823460326311824892
  0.01341664039724046846
 0.012499900967532777407
  0.01134050784590613474
 0.010347390325632283004
0.0097575868785105390052
0.0091227291090396900319
0.0084444331187034319536
   0.0081118955112131335
 0.007766086015937584755
0.0073145520839194757418
0.0069220120267195796304
 0.006542515690375053615
 0.006239814442386758947
0.0060230416267155759483
0.0057243179733383938584
0.0053576619125635105423
0.0051141669397076787093
0.0048379664897891874742
0.0044950858110088930814
0.0042142992885330615022
0.0040804014706396635193
0.0037776368563741677745
0.0036633817549081015841
0.0035266166599310401486
0.0034049977599279858745
0.0033273348700875319053
0.0031735035645352924726
0.0030856314049553645179
0.0029953082243687717372
0.0028308897771076885902
0.0027618595904972706272
 0.002694528315860690755
0.0025972401912325335065
0.0025123751633980601246
0.0023932751492872707429
0.0023403793377702888055
0.0022426710275943069484
0.0021572021555549825145
0.0020519118564245753672
0.0019948071176488705973
0.0019368541617648324382
0.0019066270452757778497
0.0018585814365168215959
0.0017987329607156150695
 0.001758689119320848036
0.0017122997602656362792
 0.001669586681960104086
 0.001642339499700566554
0.0015829271169678872308
0.0015465130060339606684
0.0015115211308747581245
0.0014878307693497268196
0.0014405119365102831731
0.0014210851056023158373
0.0014001286679250980922
0.0013374097024536680568
0.0013227401574996385317
0.0012906786595731098519
0.0012703357279858127314
0.0012567556095301403614
