0.0012468362084511199449
   76.039687744811075731
   25.896182965725181191
   12.715015441307830457
   5.6931365197229268915
    2.544857568192421482
   2.1247610626892377006
   1.3585888823073850595
   1.2404925643859299189
   0.8737248768632323026
   0.7721696137873961252
  0.62360328945706200443
  0.41291954741566205822
  0.36114742525944765195
  0.33871084324599054494
  0.25149676492183059562
  0.21067976846667441082
  0.18931398285984574192
  0.15738351724089649775
   0.1408433370357876635
  0.12441705957485210687
  0.11474014397029794199
   0.1035177100213384993
 0.085083290905695066475
 0.077402298621770643239
 0.067988482371799427439
 0.062675999779598895456
 0.055990075093331391487
 0.050347988124569427459
  0.04202618504608916089
 0.040053053412701170033
 0.037903241405022769506
 0.035415709163352931954
 0.030418218441580095746
 0.028456072295404165329
 0.026069100147414363267
 0.023430252113369173794
 0.020603632310916823733
 0.018383649357008643305
 0.016720117106277222752
 0.015152091561489774291
 0.013679953359894452686
 0.012915107953111831102
 0.012331239407582298556
 0.011740528423152634535
 0.010897742555067379405
 0.010282957816570164472
0.0096591082489299179281
0.0089252348039380972888
0.0084633915316484013142
0.0078351807344530684241
0.0074020504615009072302
0.0070434747509342280833
0.0068840583651255775333
0.0066101641646885483591
0.0063481175111448689616
0.0059154099396615845985
0.0056606898704127774427
0.0054754194928771935183
0.0052146966864242867701
0.0047542041595522895048
0.0045271686243402841504
0.0043108828302487632242
0.0040869120016206062634
0.0039567023956015717756
0.0037956029942542574007
0.0035954137480625845275
0.0034809721437567241187
0.0033553777660219894288
0.0031934714160071040086
0.0030884593434964010238
0.0029376586385244005638
0.0028267292707446962409
0.0027272165358003187981
0.0026164335288280963707
0.0025154205034982422134
0.0024741119905301264294
0.0023954753155238754647
0.0023216427808708307336
 0.002225834474465186643
0.0021777451844107289028
0.0021335347499869174864
 0.002019607469870693655
0.0019792209433218367273
0.0019223323645526219344
0.0018912829878353944191
0.0018638260273864211067
0.0018022782098454427115
0.0016855254769330679093
0.0016432924500219454628
 0.001601475668848778653
0.0015637683458445776879
0.0015240591909531386351
0.0014711601911801702215
0.0014314637501554876471
0.0014114315471455821972
0.0013609893635756981425
0.0013153484202786736631
0.0012876113799595314234
0.0012707320878149596256
