 -6.4075920900365304078
 -6.2048001849114893247
 -8.4340000704089170824
  6.3063252327527479224
 -3.5816973604176647328
  9.1940292526008704499
 -3.0525421505107273035
  9.0737284156837176852
 -9.3864085615549281982
 -1.8297313208830221498
-0.33695091043456848467
 -9.7632002363741392514
 -6.6182147230106469493
 -8.0058460673344526981
  3.8178096589715266873
 -8.9510359982731930728
  4.8751935525216119061
  8.8699228125018656499
 -7.1087450427509590867
 -4.3726617816708337472
  9.4857396462400167536
  4.2272245391398772796
  8.0542640844612698459
-0.60388251701550643702
 -3.8047789380907914847
  6.0157446917219772331
 -8.5787799482135014273
  1.7123045081795673639
  1.9781967215138465122
 -3.4949213794874589567
 0.19788173502212558219
  5.5706046314773161043
 0.30027843560105083043
  1.7638816646132067234
  1.8769298549168418333
  6.7185810751833869858
 0.95791091721407539694
  8.8243877044061136417
  5.7923094908671028946
  1.5715023556591489751
   -3.00534361647690762
 -4.5446414288806922244
  1.8083021285982336934
 0.37644166051244454252
 -2.5504874962151458107
 -4.3738882217434653654
  1.4254056622392514697
 -7.6752939436935330164
 -5.5039654185548254617
  4.3166606288015181292
 -2.0479557253643667636
 -6.0182257816280362306
  -1.456114841371828561
 -3.9936916502163244402
  3.3778917013564573324
  4.7391062205373817307
 -7.9779469584943480953
  4.7991117624561834276
 -3.5485892805962766516
  4.0002497630194984168
 -8.6958096263445021634
  6.6492924637390729004
-0.42914561481640944862
  1.6044688185697726368
 -1.5868258809609461224
 -8.5522157692127933615
 -1.6769501155600643472
  9.3710850362531310509
  -9.727828074119905466
 -5.8846406340061871987
 0.94258739191228002596
  -2.733171690596813086
-0.42928205357365456507
 -7.2491104888027120268
  7.6432699792288580909
  7.0202304502112014006
 -1.6229987105461756158
-0.93132436784511618555
  9.3449365065176657197
  2.8730358802122228923
 -6.6146637483568229143
 -2.7030192281599241255
  6.8548100985841884381
  1.9292214102713494128
  3.3032891309369780686
 0.23270179994064399409
  -3.331672378504496379
  5.3253421724426281969
 -4.9681864469163983244
  3.1197383502124527155
-0.67440807385109735606
  -3.663996073260901376
-0.23096919536170190668
  8.8964463113324931953
  7.9404727453088739253
  8.1822049236773537473
 -9.6557694671935259123
 -3.7364773702511921982
  7.5532899599304847982
 -9.3835975413134313783
