      0.274733715930363942     -0.1813136916706868107
    0.14192005864433943074    -0.11311249723337241102
   0.093358546091876271067    0.010226101135009046939
    0.17018523119864298332     0.16578674547643712511
   -0.20336580330662698546    0.027178430122872132557
   0.042406541873890257754      -0.199065969828081335
   0.077025727516517872306  0.00032757565394397891723
   0.082153548487533589739    -0.26676836845780182994
    0.03118723557851615924     0.21342423612876987304
    0.00529976234086781961    -0.19020031326925398996
   -0.21757004524467982165    -0.15452613226814482239
   -0.16424876265425644717     0.17267243616873045875
    0.16458912842189382664    -0.24543150600298846431
   -0.18496815108925482307     0.23830869551669281448
  -0.089745582234927262499   0.0071413709256525348401
    0.16060897611109958838    -0.20215104187007576497
   0.051130599552360600502    0.025944777590196976824
   -0.12956955573035849882     0.28590495435795976187
    0.18015262895270839349     0.21493135655994127786
   -0.14385059139870598477    -0.31603133380228248805
   -0.29618596671902852613    -0.21818861867216818307
   -0.14137624106433999138      -0.238918984494599973
   -0.12239921083785557099     0.25494263318131799023
    0.12156865647135700614    -0.19690439456929659245
   0.071902942839964734123     0.15578159980279465691
   0.015736585117753831842    -0.17064669512708049992
   -0.21111271465714681606   -0.045856674185887291717
    0.26636559632903228367    -0.02728994355876462885
     0.1051560397935826785    -0.19617166125968640844
    0.28964336900489567883    -0.12879755786098426307
 -0.0050790108763980601481   -0.066112396300822662276
   0.059889755425923452137   -0.057485352930373212477
     0.1115634273512118857    0.078089944905643304818
   -0.23172046508254504071     0.26411370483418633581
  -0.089925013375433626717    -0.21169860775195931124
    0.22819762434260809636     -0.2147316252695077865
    0.13068607679134514044    -0.25495226529191816756
    0.30710071414108425225     0.10862896790198467434
 -0.0096488274678815377783    -0.16149999342928639257
   -0.15812668792816189645     0.27847197113487492937
 -0.0075995235180479903114     0.23842865493075399153
   0.092781127585461864449   0.0039738743025687917054
 -0.0023754502843951197377     0.13114440700558221975
    -0.1630103953941773598     0.31299714892776547837
    0.22781297649620707579   -0.077717430478761645452
    0.22787896748067765218    -0.18171422236678849704
    0.31759858071692220749    -0.20915389324033351048
  -0.041056423951432330366     0.26822734740945858301
   -0.22169058854770409828    -0.21580926830685198681
    0.17775120937160737711     -0.3142225369784154565
    0.13509298464986169153     0.27219601360717610161
   -0.19787655496870940053    -0.11399788697902013546
   -0.28362503199075583815    -0.23314152147301542284
   -0.30730622648601707558     0.20713864649047081246
    0.24369210150264769554   0.0090977184516832787509
    0.10827791084920890263     0.24264007832977924073
    0.02843035863173676292     -0.2835080489346329391
    -0.2874206134525223999     0.28324104456381921091
   0.054643507178241179645    -0.10464986522898539478
   -0.18641360157468056524    -0.15967971019431936863
   -0.31777724474565000046    -0.16555651359518827603
   -0.27043550399618015989     0.14923773847019189409
    0.19347615385124278253     0.10283493687530742555
    0.11378618290358510912      0.2325334313104550632
   -0.18215596907872516619    0.093351443304378278754
    -0.2164488598222140403     0.21113632912334817648
   0.021983806948169981599    -0.30219819395905278547
    0.26853010771262003642     0.15839917801246011786
   -0.22934814568112982247 -0.00023470297466715583923
   -0.30766502081773478006    -0.14369818738833917138
   -0.20959658021554189444     0.11687114884931182335
   0.083052330800822193879   -0.081806048341936443702
    0.10511610676772714656     0.18027568691422962699
    0.10802796950006299248   -0.071984444443129236291
    0.24004193540664481299   -0.088808899712194189213
   0.012929083263934160186    -0.21744174356453199737
   0.015906936682717420783    0.066301333190082245572
    0.23764051582554385211    0.022037207047472362476
    0.29187265931250189199    -0.26921439645309674926
    0.11421634813501330141     0.17049206488323032094
   0.095391724899127949833    0.027814670367080074342
    0.10696564366434030413    -0.31701838314394392704
    0.23633979316630387979    -0.26350582209578987669
    0.13176669320639533556     0.11467314889406465817
    0.11965941717832323521     0.21012026334652683657
    0.16003189437092835146    0.065591896355893408721
  -0.079955396242418957931    0.037313227223843892233
   -0.17191022418994003629     0.24661221441189401515
    0.19261128091840601373    0.028832940621689451266
    0.29468811093582220062     0.25266336199485855962
  -0.038323825764620567114     -0.2330674957824253879
    0.19483403647077918164     0.18327642702650109863
   -0.29574739335838118315    0.081901100167027229837
   -0.16484767221140103621     0.18976744109288207207
  -0.011379780923658877612    0.095809858336956155167
   -0.15790336243710637043    -0.14474745682661768753
  -0.061296531735591852641    0.080903770216230186385
   -0.30939597427351211989     0.11361166437790337636
   -0.20937325472448636843    -0.30634827881415760409
    0.02935532258327833155    -0.23933093305646019333
