/*--------------------------------*- C++ -*----------------------------------*\
| =========                 |                                                 |
| \\      /  F ield         | OpenFOAM: The Open Source CFD Toolbox           |
|  \\    /   O peration     | Version:  5.0                                   |
|   \\  /    A nd           | Web:      www.OpenFOAM.org                      |
|    \\/     M anipulation  |                                                 |
\*---------------------------------------------------------------------------*/
FoamFile
{
    version     2.0;
    format      ascii;
    class       labelList;
    note        "nPoints: 5760 nCells: 2700 nFaces: 10980 nInternalFaces: 5220";
    location    "constant/polyMesh";
    object      neighbour;
}
// * * * * * * * * * * * * * * * * * * * * * * * * * * * * * * * * * * * * * //


5220
(
1
15
2
16
3
17
4
18
5
19
6
20
7
21
8
22
9
23
10
24
11
25
12
26
13
27
14
28
29
225
16
30
17
31
18
32
19
33
20
34
21
35
22
36
23
37
24
38
25
39
26
40
27
41
28
42
29
43
44
255
31
45
32
46
33
47
34
48
35
49
36
50
37
51
38
52
39
53
40
54
41
55
42
56
43
57
44
58
59
285
46
60
47
61
48
62
49
63
50
64
51
65
52
66
53
67
54
68
55
69
56
70
57
71
58
72
59
73
74
315
61
75
62
76
63
77
64
78
65
79
66
80
67
81
68
82
69
83
70
84
71
85
72
86
73
87
74
88
89
345
76
90
77
91
78
92
79
93
80
94
81
95
82
96
83
97
84
98
85
99
86
100
87
101
88
102
89
103
104
375
91
105
92
106
93
107
94
108
95
109
96
110
97
111
98
112
99
113
100
114
101
115
102
116
103
117
104
118
119
405
106
120
107
121
108
122
109
123
110
124
111
125
112
126
113
127
114
128
115
129
116
130
117
131
118
132
119
133
134
435
121
135
122
136
123
137
124
138
125
139
126
140
127
141
128
142
129
143
130
144
131
145
132
146
133
147
134
148
149
465
136
150
137
151
138
152
139
153
140
154
141
155
142
156
143
157
144
158
145
159
146
160
147
161
148
162
149
163
164
495
151
165
152
166
153
167
154
168
155
169
156
170
157
171
158
172
159
173
160
174
161
175
162
176
163
177
164
178
179
525
166
180
167
181
168
182
169
183
170
184
171
185
172
186
173
187
174
188
175
189
176
190
177
191
178
192
179
193
194
555
181
195
182
196
183
197
184
198
185
199
186
200
187
201
188
202
189
203
190
204
191
205
192
206
193
207
194
208
209
585
196
210
197
211
198
212
199
213
200
214
201
215
202
216
203
217
204
218
205
219
206
220
207
221
208
222
209
223
224
615
211
900
212
901
213
902
214
903
215
904
216
905
217
906
218
907
219
908
220
909
221
910
222
911
223
912
224
913
645
914
226
255
227
256
228
257
229
258
230
259
231
260
232
261
233
262
234
263
235
264
236
265
237
266
238
267
239
268
240
269
241
270
242
271
243
272
244
273
245
274
246
275
247
276
248
277
249
278
250
279
251
280
252
281
253
282
254
283
284
675
256
285
257
286
258
287
259
288
260
289
261
290
262
291
263
292
264
293
265
294
266
295
267
296
268
297
269
298
270
299
271
300
272
301
273
302
274
303
275
304
276
305
277
306
278
307
279
308
280
309
281
310
282
311
283
312
284
313
314
690
286
315
287
316
288
317
289
318
290
319
291
320
292
321
293
322
294
323
295
324
296
325
297
326
298
327
299
328
300
329
301
330
302
331
303
332
304
333
305
334
306
335
307
336
308
337
309
338
310
339
311
340
312
341
313
342
314
343
344
705
316
345
317
346
318
347
319
348
320
349
321
350
322
351
323
352
324
353
325
354
326
355
327
356
328
357
329
358
330
359
331
360
332
361
333
362
334
363
335
364
336
365
337
366
338
367
339
368
340
369
341
370
342
371
343
372
344
373
374
720
346
375
347
376
348
377
349
378
350
379
351
380
352
381
353
382
354
383
355
384
356
385
357
386
358
387
359
388
360
389
361
390
362
391
363
392
364
393
365
394
366
395
367
396
368
397
369
398
370
399
371
400
372
401
373
402
374
403
404
735
376
405
377
406
378
407
379
408
380
409
381
410
382
411
383
412
384
413
385
414
386
415
387
416
388
417
389
418
390
419
391
420
392
421
393
422
394
423
395
424
396
425
397
426
398
427
399
428
400
429
401
430
402
431
403
432
404
433
434
750
406
435
407
436
408
437
409
438
410
439
411
440
412
441
413
442
414
443
415
444
416
445
417
446
418
447
419
448
420
449
421
450
422
451
423
452
424
453
425
454
426
455
427
456
428
457
429
458
430
459
431
460
432
461
433
462
434
463
464
765
436
465
437
466
438
467
439
468
440
469
441
470
442
471
443
472
444
473
445
474
446
475
447
476
448
477
449
478
450
479
451
480
452
481
453
482
454
483
455
484
456
485
457
486
458
487
459
488
460
489
461
490
462
491
463
492
464
493
494
780
466
495
467
496
468
497
469
498
470
499
471
500
472
501
473
502
474
503
475
504
476
505
477
506
478
507
479
508
480
509
481
510
482
511
483
512
484
513
485
514
486
515
487
516
488
517
489
518
490
519
491
520
492
521
493
522
494
523
524
795
496
525
497
526
498
527
499
528
500
529
501
530
502
531
503
532
504
533
505
534
506
535
507
536
508
537
509
538
510
539
511
540
512
541
513
542
514
543
515
544
516
545
517
546
518
547
519
548
520
549
521
550
522
551
523
552
524
553
554
810
526
555
527
556
528
557
529
558
530
559
531
560
532
561
533
562
534
563
535
564
536
565
537
566
538
567
539
568
540
569
541
570
542
571
543
572
544
573
545
574
546
575
547
576
548
577
549
578
550
579
551
580
552
581
553
582
554
583
584
825
556
585
557
586
558
587
559
588
560
589
561
590
562
591
563
592
564
593
565
594
566
595
567
596
568
597
569
598
570
599
571
600
572
601
573
602
574
603
575
604
576
605
577
606
578
607
579
608
580
609
581
610
582
611
583
612
584
613
614
840
586
615
587
616
588
617
589
618
590
619
591
620
592
621
593
622
594
623
595
624
596
625
597
626
598
627
599
628
600
629
601
630
602
631
603
632
604
633
605
634
606
635
607
636
608
637
609
638
610
639
611
640
612
641
613
642
614
643
644
855
616
645
617
646
618
647
619
648
620
649
621
650
622
651
623
652
624
653
625
654
626
655
627
656
628
657
629
658
630
659
631
660
632
661
633
662
634
663
635
664
636
665
637
666
638
667
639
668
640
669
641
670
642
671
643
672
644
673
674
870
646
647
648
649
650
651
652
653
654
655
656
657
658
659
660
661
662
663
664
665
666
667
668
669
670
671
672
673
674
885
676
690
677
691
678
692
679
693
680
694
681
695
682
696
683
697
684
698
685
699
686
700
687
701
688
702
689
703
704
691
705
692
706
693
707
694
708
695
709
696
710
697
711
698
712
699
713
700
714
701
715
702
716
703
717
704
718
719
706
720
707
721
708
722
709
723
710
724
711
725
712
726
713
727
714
728
715
729
716
730
717
731
718
732
719
733
734
721
735
722
736
723
737
724
738
725
739
726
740
727
741
728
742
729
743
730
744
731
745
732
746
733
747
734
748
749
736
750
737
751
738
752
739
753
740
754
741
755
742
756
743
757
744
758
745
759
746
760
747
761
748
762
749
763
764
751
765
752
766
753
767
754
768
755
769
756
770
757
771
758
772
759
773
760
774
761
775
762
776
763
777
764
778
779
766
780
767
781
768
782
769
783
770
784
771
785
772
786
773
787
774
788
775
789
776
790
777
791
778
792
779
793
794
781
795
782
796
783
797
784
798
785
799
786
800
787
801
788
802
789
803
790
804
791
805
792
806
793
807
794
808
809
796
810
797
811
798
812
799
813
800
814
801
815
802
816
803
817
804
818
805
819
806
820
807
821
808
822
809
823
824
811
825
812
826
813
827
814
828
815
829
816
830
817
831
818
832
819
833
820
834
821
835
822
836
823
837
824
838
839
826
840
827
841
828
842
829
843
830
844
831
845
832
846
833
847
834
848
835
849
836
850
837
851
838
852
839
853
854
841
855
842
856
843
857
844
858
845
859
846
860
847
861
848
862
849
863
850
864
851
865
852
866
853
867
854
868
869
856
870
857
871
858
872
859
873
860
874
861
875
862
876
863
877
864
878
865
879
866
880
867
881
868
882
869
883
884
871
885
872
886
873
887
874
888
875
889
876
890
877
891
878
892
879
893
880
894
881
895
882
896
883
897
884
898
899
886
1350
887
1351
888
1352
889
1353
890
1354
891
1355
892
1356
893
1357
894
1358
895
1359
896
1360
897
1361
898
1362
899
1363
1364
901
915
902
916
903
917
904
918
905
919
906
920
907
921
908
922
909
923
910
924
911
925
912
926
913
927
914
928
929
916
930
917
931
918
932
919
933
920
934
921
935
922
936
923
937
924
938
925
939
926
940
927
941
928
942
929
943
944
931
945
932
946
933
947
934
948
935
949
936
950
937
951
938
952
939
953
940
954
941
955
942
956
943
957
944
958
959
946
960
947
961
948
962
949
963
950
964
951
965
952
966
953
967
954
968
955
969
956
970
957
971
958
972
959
973
974
961
975
962
976
963
977
964
978
965
979
966
980
967
981
968
982
969
983
970
984
971
985
972
986
973
987
974
988
989
976
990
977
991
978
992
979
993
980
994
981
995
982
996
983
997
984
998
985
999
986
1000
987
1001
988
1002
989
1003
1004
991
1005
992
1006
993
1007
994
1008
995
1009
996
1010
997
1011
998
1012
999
1013
1000
1014
1001
1015
1002
1016
1003
1017
1004
1018
1019
1006
1020
1007
1021
1008
1022
1009
1023
1010
1024
1011
1025
1012
1026
1013
1027
1014
1028
1015
1029
1016
1030
1017
1031
1018
1032
1019
1033
1034
1021
1035
1022
1036
1023
1037
1024
1038
1025
1039
1026
1040
1027
1041
1028
1042
1029
1043
1030
1044
1031
1045
1032
1046
1033
1047
1034
1048
1049
1036
1050
1037
1051
1038
1052
1039
1053
1040
1054
1041
1055
1042
1056
1043
1057
1044
1058
1045
1059
1046
1060
1047
1061
1048
1062
1049
1063
1064
1051
1065
1052
1066
1053
1067
1054
1068
1055
1069
1056
1070
1057
1071
1058
1072
1059
1073
1060
1074
1061
1075
1062
1076
1063
1077
1064
1078
1079
1066
1080
1067
1081
1068
1082
1069
1083
1070
1084
1071
1085
1072
1086
1073
1087
1074
1088
1075
1089
1076
1090
1077
1091
1078
1092
1079
1093
1094
1081
1095
1082
1096
1083
1097
1084
1098
1085
1099
1086
1100
1087
1101
1088
1102
1089
1103
1090
1104
1091
1105
1092
1106
1093
1107
1094
1108
1109
1096
1110
1097
1111
1098
1112
1099
1113
1100
1114
1101
1115
1102
1116
1103
1117
1104
1118
1105
1119
1106
1120
1107
1121
1108
1122
1109
1123
1124
1111
1125
1112
1126
1113
1127
1114
1128
1115
1129
1116
1130
1117
1131
1118
1132
1119
1133
1120
1134
1121
1135
1122
1136
1123
1137
1124
1138
1139
1126
1140
1127
1141
1128
1142
1129
1143
1130
1144
1131
1145
1132
1146
1133
1147
1134
1148
1135
1149
1136
1150
1137
1151
1138
1152
1139
1153
1154
1141
1155
1142
1156
1143
1157
1144
1158
1145
1159
1146
1160
1147
1161
1148
1162
1149
1163
1150
1164
1151
1165
1152
1166
1153
1167
1154
1168
1169
1156
1170
1157
1171
1158
1172
1159
1173
1160
1174
1161
1175
1162
1176
1163
1177
1164
1178
1165
1179
1166
1180
1167
1181
1168
1182
1169
1183
1184
1171
1185
1172
1186
1173
1187
1174
1188
1175
1189
1176
1190
1177
1191
1178
1192
1179
1193
1180
1194
1181
1195
1182
1196
1183
1197
1184
1198
1199
1186
1200
1187
1201
1188
1202
1189
1203
1190
1204
1191
1205
1192
1206
1193
1207
1194
1208
1195
1209
1196
1210
1197
1211
1198
1212
1199
1213
1214
1201
1215
1202
1216
1203
1217
1204
1218
1205
1219
1206
1220
1207
1221
1208
1222
1209
1223
1210
1224
1211
1225
1212
1226
1213
1227
1214
1228
1229
1216
1230
1217
1231
1218
1232
1219
1233
1220
1234
1221
1235
1222
1236
1223
1237
1224
1238
1225
1239
1226
1240
1227
1241
1228
1242
1229
1243
1244
1231
1245
1232
1246
1233
1247
1234
1248
1235
1249
1236
1250
1237
1251
1238
1252
1239
1253
1240
1254
1241
1255
1242
1256
1243
1257
1244
1258
1259
1246
1260
1247
1261
1248
1262
1249
1263
1250
1264
1251
1265
1252
1266
1253
1267
1254
1268
1255
1269
1256
1270
1257
1271
1258
1272
1259
1273
1274
1261
1275
1262
1276
1263
1277
1264
1278
1265
1279
1266
1280
1267
1281
1268
1282
1269
1283
1270
1284
1271
1285
1272
1286
1273
1287
1274
1288
1289
1276
1290
1277
1291
1278
1292
1279
1293
1280
1294
1281
1295
1282
1296
1283
1297
1284
1298
1285
1299
1286
1300
1287
1301
1288
1302
1289
1303
1304
1291
1305
1292
1306
1293
1307
1294
1308
1295
1309
1296
1310
1297
1311
1298
1312
1299
1313
1300
1314
1301
1315
1302
1316
1303
1317
1304
1318
1319
1306
1320
1307
1321
1308
1322
1309
1323
1310
1324
1311
1325
1312
1326
1313
1327
1314
1328
1315
1329
1316
1330
1317
1331
1318
1332
1319
1333
1334
1321
1335
1322
1336
1323
1337
1324
1338
1325
1339
1326
1340
1327
1341
1328
1342
1329
1343
1330
1344
1331
1345
1332
1346
1333
1347
1334
1348
1349
1336
1800
1337
1801
1338
1802
1339
1803
1340
1804
1341
1805
1342
1806
1343
1807
1344
1808
1345
1809
1346
1810
1347
1811
1348
1812
1349
1813
1814
1351
1365
1352
1366
1353
1367
1354
1368
1355
1369
1356
1370
1357
1371
1358
1372
1359
1373
1360
1374
1361
1375
1362
1376
1363
1377
1364
1378
1379
1366
1380
1367
1381
1368
1382
1369
1383
1370
1384
1371
1385
1372
1386
1373
1387
1374
1388
1375
1389
1376
1390
1377
1391
1378
1392
1379
1393
1394
1381
1395
1382
1396
1383
1397
1384
1398
1385
1399
1386
1400
1387
1401
1388
1402
1389
1403
1390
1404
1391
1405
1392
1406
1393
1407
1394
1408
1409
1396
1410
1397
1411
1398
1412
1399
1413
1400
1414
1401
1415
1402
1416
1403
1417
1404
1418
1405
1419
1406
1420
1407
1421
1408
1422
1409
1423
1424
1411
1425
1412
1426
1413
1427
1414
1428
1415
1429
1416
1430
1417
1431
1418
1432
1419
1433
1420
1434
1421
1435
1422
1436
1423
1437
1424
1438
1439
1426
1440
1427
1441
1428
1442
1429
1443
1430
1444
1431
1445
1432
1446
1433
1447
1434
1448
1435
1449
1436
1450
1437
1451
1438
1452
1439
1453
1454
1441
1455
1442
1456
1443
1457
1444
1458
1445
1459
1446
1460
1447
1461
1448
1462
1449
1463
1450
1464
1451
1465
1452
1466
1453
1467
1454
1468
1469
1456
1470
1457
1471
1458
1472
1459
1473
1460
1474
1461
1475
1462
1476
1463
1477
1464
1478
1465
1479
1466
1480
1467
1481
1468
1482
1469
1483
1484
1471
1485
1472
1486
1473
1487
1474
1488
1475
1489
1476
1490
1477
1491
1478
1492
1479
1493
1480
1494
1481
1495
1482
1496
1483
1497
1484
1498
1499
1486
1500
1487
1501
1488
1502
1489
1503
1490
1504
1491
1505
1492
1506
1493
1507
1494
1508
1495
1509
1496
1510
1497
1511
1498
1512
1499
1513
1514
1501
1515
1502
1516
1503
1517
1504
1518
1505
1519
1506
1520
1507
1521
1508
1522
1509
1523
1510
1524
1511
1525
1512
1526
1513
1527
1514
1528
1529
1516
1530
1517
1531
1518
1532
1519
1533
1520
1534
1521
1535
1522
1536
1523
1537
1524
1538
1525
1539
1526
1540
1527
1541
1528
1542
1529
1543
1544
1531
1545
1532
1546
1533
1547
1534
1548
1535
1549
1536
1550
1537
1551
1538
1552
1539
1553
1540
1554
1541
1555
1542
1556
1543
1557
1544
1558
1559
1546
1560
1547
1561
1548
1562
1549
1563
1550
1564
1551
1565
1552
1566
1553
1567
1554
1568
1555
1569
1556
1570
1557
1571
1558
1572
1559
1573
1574
1561
1575
1562
1576
1563
1577
1564
1578
1565
1579
1566
1580
1567
1581
1568
1582
1569
1583
1570
1584
1571
1585
1572
1586
1573
1587
1574
1588
1589
1576
1590
1577
1591
1578
1592
1579
1593
1580
1594
1581
1595
1582
1596
1583
1597
1584
1598
1585
1599
1586
1600
1587
1601
1588
1602
1589
1603
1604
1591
1605
1592
1606
1593
1607
1594
1608
1595
1609
1596
1610
1597
1611
1598
1612
1599
1613
1600
1614
1601
1615
1602
1616
1603
1617
1604
1618
1619
1606
1620
1607
1621
1608
1622
1609
1623
1610
1624
1611
1625
1612
1626
1613
1627
1614
1628
1615
1629
1616
1630
1617
1631
1618
1632
1619
1633
1634
1621
1635
1622
1636
1623
1637
1624
1638
1625
1639
1626
1640
1627
1641
1628
1642
1629
1643
1630
1644
1631
1645
1632
1646
1633
1647
1634
1648
1649
1636
1650
1637
1651
1638
1652
1639
1653
1640
1654
1641
1655
1642
1656
1643
1657
1644
1658
1645
1659
1646
1660
1647
1661
1648
1662
1649
1663
1664
1651
1665
1652
1666
1653
1667
1654
1668
1655
1669
1656
1670
1657
1671
1658
1672
1659
1673
1660
1674
1661
1675
1662
1676
1663
1677
1664
1678
1679
1666
1680
1667
1681
1668
1682
1669
1683
1670
1684
1671
1685
1672
1686
1673
1687
1674
1688
1675
1689
1676
1690
1677
1691
1678
1692
1679
1693
1694
1681
1695
1682
1696
1683
1697
1684
1698
1685
1699
1686
1700
1687
1701
1688
1702
1689
1703
1690
1704
1691
1705
1692
1706
1693
1707
1694
1708
1709
1696
1710
1697
1711
1698
1712
1699
1713
1700
1714
1701
1715
1702
1716
1703
1717
1704
1718
1705
1719
1706
1720
1707
1721
1708
1722
1709
1723
1724
1711
1725
1712
1726
1713
1727
1714
1728
1715
1729
1716
1730
1717
1731
1718
1732
1719
1733
1720
1734
1721
1735
1722
1736
1723
1737
1724
1738
1739
1726
1740
1727
1741
1728
1742
1729
1743
1730
1744
1731
1745
1732
1746
1733
1747
1734
1748
1735
1749
1736
1750
1737
1751
1738
1752
1739
1753
1754
1741
1755
1742
1756
1743
1757
1744
1758
1745
1759
1746
1760
1747
1761
1748
1762
1749
1763
1750
1764
1751
1765
1752
1766
1753
1767
1754
1768
1769
1756
1770
1757
1771
1758
1772
1759
1773
1760
1774
1761
1775
1762
1776
1763
1777
1764
1778
1765
1779
1766
1780
1767
1781
1768
1782
1769
1783
1784
1771
1785
1772
1786
1773
1787
1774
1788
1775
1789
1776
1790
1777
1791
1778
1792
1779
1793
1780
1794
1781
1795
1782
1796
1783
1797
1784
1798
1799
1786
2475
1787
2476
1788
2477
1789
2478
1790
2479
1791
2480
1792
2481
1793
2482
1794
2483
1795
2484
1796
2485
1797
2486
1798
2487
1799
2488
2489
1801
1815
1802
1816
1803
1817
1804
1818
1805
1819
1806
1820
1807
1821
1808
1822
1809
1823
1810
1824
1811
1825
1812
1826
1813
1827
1814
1828
1829
2025
1816
1830
1817
1831
1818
1832
1819
1833
1820
1834
1821
1835
1822
1836
1823
1837
1824
1838
1825
1839
1826
1840
1827
1841
1828
1842
1829
1843
1844
2055
1831
1845
1832
1846
1833
1847
1834
1848
1835
1849
1836
1850
1837
1851
1838
1852
1839
1853
1840
1854
1841
1855
1842
1856
1843
1857
1844
1858
1859
2085
1846
1860
1847
1861
1848
1862
1849
1863
1850
1864
1851
1865
1852
1866
1853
1867
1854
1868
1855
1869
1856
1870
1857
1871
1858
1872
1859
1873
1874
2115
1861
1875
1862
1876
1863
1877
1864
1878
1865
1879
1866
1880
1867
1881
1868
1882
1869
1883
1870
1884
1871
1885
1872
1886
1873
1887
1874
1888
1889
2145
1876
1890
1877
1891
1878
1892
1879
1893
1880
1894
1881
1895
1882
1896
1883
1897
1884
1898
1885
1899
1886
1900
1887
1901
1888
1902
1889
1903
1904
2175
1891
1905
1892
1906
1893
1907
1894
1908
1895
1909
1896
1910
1897
1911
1898
1912
1899
1913
1900
1914
1901
1915
1902
1916
1903
1917
1904
1918
1919
2205
1906
1920
1907
1921
1908
1922
1909
1923
1910
1924
1911
1925
1912
1926
1913
1927
1914
1928
1915
1929
1916
1930
1917
1931
1918
1932
1919
1933
1934
2235
1921
1935
1922
1936
1923
1937
1924
1938
1925
1939
1926
1940
1927
1941
1928
1942
1929
1943
1930
1944
1931
1945
1932
1946
1933
1947
1934
1948
1949
2265
1936
1950
1937
1951
1938
1952
1939
1953
1940
1954
1941
1955
1942
1956
1943
1957
1944
1958
1945
1959
1946
1960
1947
1961
1948
1962
1949
1963
1964
2295
1951
1965
1952
1966
1953
1967
1954
1968
1955
1969
1956
1970
1957
1971
1958
1972
1959
1973
1960
1974
1961
1975
1962
1976
1963
1977
1964
1978
1979
2325
1966
1980
1967
1981
1968
1982
1969
1983
1970
1984
1971
1985
1972
1986
1973
1987
1974
1988
1975
1989
1976
1990
1977
1991
1978
1992
1979
1993
1994
2355
1981
1995
1982
1996
1983
1997
1984
1998
1985
1999
1986
2000
1987
2001
1988
2002
1989
2003
1990
2004
1991
2005
1992
2006
1993
2007
1994
2008
2009
2385
1996
2010
1997
2011
1998
2012
1999
2013
2000
2014
2001
2015
2002
2016
2003
2017
2004
2018
2005
2019
2006
2020
2007
2021
2008
2022
2009
2023
2024
2415
2011
2012
2013
2014
2015
2016
2017
2018
2019
2020
2021
2022
2023
2024
2445
2026
2055
2027
2056
2028
2057
2029
2058
2030
2059
2031
2060
2032
2061
2033
2062
2034
2063
2035
2064
2036
2065
2037
2066
2038
2067
2039
2068
2040
2069
2041
2070
2042
2071
2043
2072
2044
2073
2045
2074
2046
2075
2047
2076
2048
2077
2049
2078
2050
2079
2051
2080
2052
2081
2053
2082
2054
2083
2084
2475
2056
2085
2057
2086
2058
2087
2059
2088
2060
2089
2061
2090
2062
2091
2063
2092
2064
2093
2065
2094
2066
2095
2067
2096
2068
2097
2069
2098
2070
2099
2071
2100
2072
2101
2073
2102
2074
2103
2075
2104
2076
2105
2077
2106
2078
2107
2079
2108
2080
2109
2081
2110
2082
2111
2083
2112
2084
2113
2114
2490
2086
2115
2087
2116
2088
2117
2089
2118
2090
2119
2091
2120
2092
2121
2093
2122
2094
2123
2095
2124
2096
2125
2097
2126
2098
2127
2099
2128
2100
2129
2101
2130
2102
2131
2103
2132
2104
2133
2105
2134
2106
2135
2107
2136
2108
2137
2109
2138
2110
2139
2111
2140
2112
2141
2113
2142
2114
2143
2144
2505
2116
2145
2117
2146
2118
2147
2119
2148
2120
2149
2121
2150
2122
2151
2123
2152
2124
2153
2125
2154
2126
2155
2127
2156
2128
2157
2129
2158
2130
2159
2131
2160
2132
2161
2133
2162
2134
2163
2135
2164
2136
2165
2137
2166
2138
2167
2139
2168
2140
2169
2141
2170
2142
2171
2143
2172
2144
2173
2174
2520
2146
2175
2147
2176
2148
2177
2149
2178
2150
2179
2151
2180
2152
2181
2153
2182
2154
2183
2155
2184
2156
2185
2157
2186
2158
2187
2159
2188
2160
2189
2161
2190
2162
2191
2163
2192
2164
2193
2165
2194
2166
2195
2167
2196
2168
2197
2169
2198
2170
2199
2171
2200
2172
2201
2173
2202
2174
2203
2204
2535
2176
2205
2177
2206
2178
2207
2179
2208
2180
2209
2181
2210
2182
2211
2183
2212
2184
2213
2185
2214
2186
2215
2187
2216
2188
2217
2189
2218
2190
2219
2191
2220
2192
2221
2193
2222
2194
2223
2195
2224
2196
2225
2197
2226
2198
2227
2199
2228
2200
2229
2201
2230
2202
2231
2203
2232
2204
2233
2234
2550
2206
2235
2207
2236
2208
2237
2209
2238
2210
2239
2211
2240
2212
2241
2213
2242
2214
2243
2215
2244
2216
2245
2217
2246
2218
2247
2219
2248
2220
2249
2221
2250
2222
2251
2223
2252
2224
2253
2225
2254
2226
2255
2227
2256
2228
2257
2229
2258
2230
2259
2231
2260
2232
2261
2233
2262
2234
2263
2264
2565
2236
2265
2237
2266
2238
2267
2239
2268
2240
2269
2241
2270
2242
2271
2243
2272
2244
2273
2245
2274
2246
2275
2247
2276
2248
2277
2249
2278
2250
2279
2251
2280
2252
2281
2253
2282
2254
2283
2255
2284
2256
2285
2257
2286
2258
2287
2259
2288
2260
2289
2261
2290
2262
2291
2263
2292
2264
2293
2294
2580
2266
2295
2267
2296
2268
2297
2269
2298
2270
2299
2271
2300
2272
2301
2273
2302
2274
2303
2275
2304
2276
2305
2277
2306
2278
2307
2279
2308
2280
2309
2281
2310
2282
2311
2283
2312
2284
2313
2285
2314
2286
2315
2287
2316
2288
2317
2289
2318
2290
2319
2291
2320
2292
2321
2293
2322
2294
2323
2324
2595
2296
2325
2297
2326
2298
2327
2299
2328
2300
2329
2301
2330
2302
2331
2303
2332
2304
2333
2305
2334
2306
2335
2307
2336
2308
2337
2309
2338
2310
2339
2311
2340
2312
2341
2313
2342
2314
2343
2315
2344
2316
2345
2317
2346
2318
2347
2319
2348
2320
2349
2321
2350
2322
2351
2323
2352
2324
2353
2354
2610
2326
2355
2327
2356
2328
2357
2329
2358
2330
2359
2331
2360
2332
2361
2333
2362
2334
2363
2335
2364
2336
2365
2337
2366
2338
2367
2339
2368
2340
2369
2341
2370
2342
2371
2343
2372
2344
2373
2345
2374
2346
2375
2347
2376
2348
2377
2349
2378
2350
2379
2351
2380
2352
2381
2353
2382
2354
2383
2384
2625
2356
2385
2357
2386
2358
2387
2359
2388
2360
2389
2361
2390
2362
2391
2363
2392
2364
2393
2365
2394
2366
2395
2367
2396
2368
2397
2369
2398
2370
2399
2371
2400
2372
2401
2373
2402
2374
2403
2375
2404
2376
2405
2377
2406
2378
2407
2379
2408
2380
2409
2381
2410
2382
2411
2383
2412
2384
2413
2414
2640
2386
2415
2387
2416
2388
2417
2389
2418
2390
2419
2391
2420
2392
2421
2393
2422
2394
2423
2395
2424
2396
2425
2397
2426
2398
2427
2399
2428
2400
2429
2401
2430
2402
2431
2403
2432
2404
2433
2405
2434
2406
2435
2407
2436
2408
2437
2409
2438
2410
2439
2411
2440
2412
2441
2413
2442
2414
2443
2444
2655
2416
2445
2417
2446
2418
2447
2419
2448
2420
2449
2421
2450
2422
2451
2423
2452
2424
2453
2425
2454
2426
2455
2427
2456
2428
2457
2429
2458
2430
2459
2431
2460
2432
2461
2433
2462
2434
2463
2435
2464
2436
2465
2437
2466
2438
2467
2439
2468
2440
2469
2441
2470
2442
2471
2443
2472
2444
2473
2474
2670
2446
2447
2448
2449
2450
2451
2452
2453
2454
2455
2456
2457
2458
2459
2460
2461
2462
2463
2464
2465
2466
2467
2468
2469
2470
2471
2472
2473
2474
2685
2476
2490
2477
2491
2478
2492
2479
2493
2480
2494
2481
2495
2482
2496
2483
2497
2484
2498
2485
2499
2486
2500
2487
2501
2488
2502
2489
2503
2504
2491
2505
2492
2506
2493
2507
2494
2508
2495
2509
2496
2510
2497
2511
2498
2512
2499
2513
2500
2514
2501
2515
2502
2516
2503
2517
2504
2518
2519
2506
2520
2507
2521
2508
2522
2509
2523
2510
2524
2511
2525
2512
2526
2513
2527
2514
2528
2515
2529
2516
2530
2517
2531
2518
2532
2519
2533
2534
2521
2535
2522
2536
2523
2537
2524
2538
2525
2539
2526
2540
2527
2541
2528
2542
2529
2543
2530
2544
2531
2545
2532
2546
2533
2547
2534
2548
2549
2536
2550
2537
2551
2538
2552
2539
2553
2540
2554
2541
2555
2542
2556
2543
2557
2544
2558
2545
2559
2546
2560
2547
2561
2548
2562
2549
2563
2564
2551
2565
2552
2566
2553
2567
2554
2568
2555
2569
2556
2570
2557
2571
2558
2572
2559
2573
2560
2574
2561
2575
2562
2576
2563
2577
2564
2578
2579
2566
2580
2567
2581
2568
2582
2569
2583
2570
2584
2571
2585
2572
2586
2573
2587
2574
2588
2575
2589
2576
2590
2577
2591
2578
2592
2579
2593
2594
2581
2595
2582
2596
2583
2597
2584
2598
2585
2599
2586
2600
2587
2601
2588
2602
2589
2603
2590
2604
2591
2605
2592
2606
2593
2607
2594
2608
2609
2596
2610
2597
2611
2598
2612
2599
2613
2600
2614
2601
2615
2602
2616
2603
2617
2604
2618
2605
2619
2606
2620
2607
2621
2608
2622
2609
2623
2624
2611
2625
2612
2626
2613
2627
2614
2628
2615
2629
2616
2630
2617
2631
2618
2632
2619
2633
2620
2634
2621
2635
2622
2636
2623
2637
2624
2638
2639
2626
2640
2627
2641
2628
2642
2629
2643
2630
2644
2631
2645
2632
2646
2633
2647
2634
2648
2635
2649
2636
2650
2637
2651
2638
2652
2639
2653
2654
2641
2655
2642
2656
2643
2657
2644
2658
2645
2659
2646
2660
2647
2661
2648
2662
2649
2663
2650
2664
2651
2665
2652
2666
2653
2667
2654
2668
2669
2656
2670
2657
2671
2658
2672
2659
2673
2660
2674
2661
2675
2662
2676
2663
2677
2664
2678
2665
2679
2666
2680
2667
2681
2668
2682
2669
2683
2684
2671
2685
2672
2686
2673
2687
2674
2688
2675
2689
2676
2690
2677
2691
2678
2692
2679
2693
2680
2694
2681
2695
2682
2696
2683
2697
2684
2698
2699
2686
2687
2688
2689
2690
2691
2692
2693
2694
2695
2696
2697
2698
2699
)


// ************************************************************************* //
