-0.500149	-0.0321448	0
-0.500072	-0.0330959	0
-0.499931	-0.0344457	0
-0.49968	-0.0356755	0
-0.499318	-0.0368942	0
-0.498844	-0.0381138	0
-0.49825	-0.0393294	0
-0.497533	-0.0405344	0
-0.496701	-0.0417099	0
-0.495743	-0.0428685	0
-0.494686	-0.0439781	0
-0.4935	-0.04507	0
-0.492236	-0.0461015	0
-0.490838	-0.0471196	0
-0.489386	-0.0480704	0
-0.487788	-0.0490158	0
-0.486162	-0.049889	0
-0.484379	-0.0507617	0
-0.48258	-0.0515668	0
-0.480633	-0.0523661	0
-0.478647	-0.0531148	0
-0.476538	-0.0538464	0
-0.474361	-0.0545427	0
-0.47209	-0.0552121	0
-0.469716	-0.0558585	0
-0.46728	-0.0564705	0
-0.464701	-0.0570685	0
-0.462093	-0.0576267	0
-0.459306	-0.0581768	0
-0.456514	-0.0586845	0
-0.45354	-0.0591823	0
-0.450524	-0.0596462	0
-0.447351	-0.0600936	0
-0.444102	-0.060513	0
-0.440717	-0.0609113	0
-0.437225	-0.061285	0
-0.433612	-0.0616349	0
-0.429867	-0.0619618	0
-0.426009	-0.0622633	0
-0.422	-0.0625421	0
-0.417877	-0.0627947	0
-0.413592	-0.0630241	0
-0.409184	-0.063227	0
-0.404608	-0.0634056	0
-0.399893	-0.0635576	0
-0.395012	-0.0636839	0
-0.389964	-0.0637835	0
-0.384762	-0.0638561	0
-0.379356	-0.0639015	0
-0.373256	-0.0639146	0
-0.36802	-0.0639086	0
-0.351107	-0.0637305	0
-0.334303	-0.0633738	0
-0.31771	-0.0628832	0
-0.301237	-0.0622902	0
-0.284974	-0.0616245	0
-0.268862	-0.0609053	0
-0.252896	-0.0601503	0
-0.237081	-0.0593745	0
-0.221446	-0.0585916	0
-0.205966	-0.0578106	0
-0.190634	-0.0570402	0
-0.17545	-0.0562879	0
-0.160413	-0.0555601	0
-0.145523	-0.0548622	0
-0.130779	-0.0541987	0
-0.116184	-0.053574	0
-0.101735	-0.0529929	0
-0.0874132	-0.0524363	0
-0.0732267	-0.0518757	0
-0.0591906	-0.0513076	0
-0.0452931	-0.0507358	0
-0.031533	-0.0501628	0
-0.0179114	-0.0495911	0
-0.00442391	-0.0490226	0
0.00893184	-0.0484591	0
0.0221565	-0.0479021	0
0.0352506	-0.0473531	0
0.0482144	-0.0468132	0
0.0610482	-0.0462835	0
0.0737631	-0.0457645	0
0.0863525	-0.0452573	0
0.0988162	-0.0447626	0
0.111154	-0.0442809	0
0.123366	-0.0438125	0
0.135467	-0.0433574	0
0.147454	-0.042916	0
0.159319	-0.0424887	0
0.171061	-0.0420756	0
0.182679	-0.0416769	0
0.194201	-0.0412917	0
0.205614	-0.0409203	0
0.216907	-0.0405631	0
0.22808	-0.0402198	0
0.239134	-0.0398904	0
0.250106	-0.0395734	0
0.260971	-0.0392694	0
0.271721	-0.0389785	0
0.282356	-0.0387003	0
0.292877	-0.0384345	0
0.303309	-0.0381801	0
0.313655	-0.0379368	0
0.323893	-0.0377048	0
0.334023	-0.0374837	0
0.344047	-0.0372732	0
0.353967	-0.0370728	0
0.363786	-0.0368821	0
0.373507	-0.0367007	0
0.383155	-0.0365277	0
0.392707	-0.0363633	0
0.402159	-0.036207	0
0.411514	-0.0360586	0
0.420769	-0.0359177	0
0.42995	-0.0357834	0
0.439059	-0.0356556	0
0.448069	-0.0355342	0
0.456957	-0.0354192	0
0.465779	-0.0353093	0
0.474498	-0.035205	0
0.483158	-0.0351051	0
0.491713	-0.0350101	0
0.500149	-0.0349196	0
-0.140516	0.0639086	0
-0.128062	0.0637914	0
-0.115282	0.0635482	0
-0.102844	0.0631822	0
-0.0905407	0.0627116	0
-0.0783652	0.0621628	0
-0.0663151	0.0615479	0
-0.0543825	0.0608691	0
-0.0425682	0.0601297	0
-0.0308739	0.0593333	0
-0.0193045	0.0584832	0
-0.00785091	0.0575819	0
0.00348553	0.0566322	0
0.014705	0.0556366	0
0.0258103	0.0545976	0
0.0367995	0.0535177	0
0.0476737	0.0523988	0
0.0584422	0.0512424	0
0.0690948	0.0500515	0
0.0796317	0.0488279	0
0.0900736	0.0475713	0
0.100399	0.046286	0
0.11061	0.0449733	0
0.120734	0.0436313	0
0.13074	0.0422657	0
0.140636	0.0408768	0
0.15045	0.0394623	0
0.160145	0.0380289	0
0.16974	0.0365746	0
0.179251	0.0350988	0
0.18864	0.0336083	0
0.197948	0.0320978	0
0.207162	0.0305707	0
0.216253	0.0290326	0
0.225285	0.0274736	0
0.234208	0.0259038	0
0.243015	0.0243251	0
0.251776	0.0227257	0
0.260416	0.0211206	0
0.26896	0.0195055	0
0.277446	0.0178746	0
0.28581	0.0162407	0
0.294101	0.0145951	0
0.30232	0.0129383	0
0.310417	0.011281	0
0.318459	0.00961038	0
0.326421	0.00793244	0
0.334264	0.00625591	0
0.342058	0.00456635	0
0.349775	0.00287088	0
0.357377	0.00117814	0
0.364917	-0.000523243	0
0.372402	-0.00223367	0
0.379778	-0.00394074	0
0.387049	-0.00564437	0
0.394315	-0.00736786	0
0.401481	-0.00908804	0
0.40855	-0.0108051	0
0.415527	-0.0125194	0
0.422471	-0.0142451	0
0.429349	-0.0159739	0
0.436144	-0.0177007	0
0.442861	-0.0194264	0
0.449505	-0.0211518	0
0.45608	-0.0228774	0
0.462587	-0.0246033	0
0.469022	-0.0263276	0
0.475368	-0.0280451	0
0.481682	-0.0297712	0
0.487901	-0.0314884	0
0.49405	-0.0332028	0
-0.499905	-0.0290704	0
-0.499092	-0.0259902	0
-0.497776	-0.0229691	0
-0.496032	-0.0200367	0
-0.493927	-0.0171979	0
-0.491523	-0.0144599	0
-0.48887	-0.0118215	0
-0.485973	-0.00924828	0
-0.482842	-0.00672623	0
-0.479483	-0.00424414	0
-0.475934	-0.00181616	0
-0.472219	0.000552752	0
-0.468282	0.00290541	0
-0.464122	0.00524529	0
-0.459821	0.00752978	0
-0.455314	0.00979698	0
-0.450573	0.0120602	0
-0.445654	0.0142927	0
-0.44055	0.0164974	0
-0.435199	0.0187001	0
-0.429634	0.0208842	0
-0.423893	0.0230336	0
-0.417887	0.0251785	0
-0.411629	0.0273109	0
-0.405197	0.0294006	0
-0.398485	0.0314795	0
-0.391489	0.0335434	0
-0.384287	0.0355648	0
-0.376807	0.0375605	0
-0.369022	0.0395312	0
-0.360955	0.0414659	0
-0.352635	0.0433521	0
-0.343989	0.0452006	0
-0.335012	0.0470056	0
-0.325724	0.048756	0
-0.316134	0.0504436	0
-0.306186	0.0520707	0
-0.295873	0.0536303	0
-0.285188	0.0551148	0
-0.274152	0.0565129	0
-0.262739	0.0578189	0
-0.250921	0.0590265	0
-0.238688	0.0601264	0
-0.226031	0.0611088	0
-0.212938	0.0619633	0
-0.199398	0.0626789	0
-0.185398	0.0632439	0
-0.170927	0.0636461	0
-0.155971	0.0638723	0

